# Dolby Vision Display Management Configuration File
# Date : 01/04/2024
# Brand Model Number: vili 2107113SG

[Global]
IDK_Version = SW_4.5
DMSwVersion = 4.0
DeviceModelName = NULL

Tmax = 409.776
Tmin = 0.0001
TPrimaries = 0.6845 0.315 0.232 0.724 0.1395 0.0464 0.300 0.310
TEOTF = POWER
Tgamma = 2.19
TBitDepth = 10

RGB2YCCmat=0.2249515012 0.5805731287 0.0507803555 -0.1222960562 -0.3156316076 0.4379276637 0.4379276637 -0.4027047292 -0.0352229345
RGB2YCCOffsetNorm=0.0625 0.5 0.5

BLUPwm = 10 64 128 192 255
BLULight = 15.0999 98.135 201.928 301.896 409.776
BLULightMin = 0.0001 0.0001 0.0001 0.0001 0.0001

Ambient = 3
TSurroundReflection = 0.5
TScreenReflection = 0.0005
ALDelayMilliSec = 50
ALResponseFall = 0.004
ALResponseRise = 0.02
ALOperationalRate = 50
TFrontLux = 1000
TFrontLuxScale = 1

[PictureMode = 0]
PictureModeName = Dolby Vision Bright
DBrightness = 0.3

[PictureMode = 1]
PictureModeName = Dolby Vision Vivid
DBrightness = 0.3
DSaturation = 0.1

[PictureMode = 2]
PictureModeName = Dolby Vision Dark
SupportsDM3 = 1
Ambient = 0